NOAA 1
1 04793U 70106A   24347.64553455 -.00000023  00000+0  12605-3 0  9996
2 04793 101.4216  33.4949 0031317 348.3560 126.8900 12.54037400471550
NOAA 2 (ITOS-D)
1 06235U 72082A   24347.59532684 -.00000013  00000+0  21181-3 0  9997
2 06235 102.0226 348.6681 0004137 140.2090 334.6562 12.53192151385856
NOAA 3
1 06920U 73086A   24347.77100206 -.00000015  00000+0  23492-3 0  9993
2 06920 102.2865 345.3733 0006532  57.6641   4.3724 12.40375820313533
NOAA 4
1 07529U 74089A   24347.95211858 -.00000014  00000+0  20492-3 0  9995
2 07529 101.9993 343.9335 0008974 166.6074 220.8992 12.53188969290471
NOAA 5
1 09057U 76077A   24347.88509578 -.00000028  00000+0  13769-3 0  9997
2 09057 102.2347 321.1569 0009615 270.0938 117.1868 12.37810337186269
TIROS N
1 11060U 78096A   24347.75410702  .00000346  00000+0  18582-3 0  9993
2 11060  98.5115  21.3112 0011152  44.3146 315.8921 14.19042952600531
NOAA 6
1 11416U 79057A   24348.48551496  .00000578  00000+0  21882-3 0  9997
2 11416  98.6166   9.4320 0011109  90.4159 269.8299 14.34901791372173
NOAA 7
1 12553U 81059A   24348.11820281  .00000120  00000+0  81172-4 0  9998
2 12553  98.8714  47.4067 0012155  47.7310 312.4894 14.17636444246888
NOAA 8
1 13923U 83022A   24348.48676545  .00000345  00000+0  15264-3 0  9991
2 13923  98.7359 348.8602 0015884  70.4969 289.7926 14.29479631172642
NOAA 9
1 15427U 84123A   24348.13584851  .00000289  00000+0  16741-3 0  9993
2 15427  99.1242 350.0497 0015606 108.9244 292.5520 14.16795005 65624
NOAA 10
1 16969U 86073A   24347.92206845  .00000324  00000+0  14598-3 0  9999
2 16969  98.6591 332.3664 0012253 164.1487 225.1953 14.28853115990678
NOAA 11
1 19531U 88089A   24347.75820511  .00000166  00000+0  10575-3 0  9994
2 19531  98.5461 302.6853 0012238  82.1005 278.1558 14.15663138869707
NOAA 12
1 21263U 91032A   24347.93956942  .00000244  00000+0  11929-3 0  9990
2 21263  98.5730 335.1820 0013311 194.7088 165.3707 14.26492641746360
NOAA 13
1 22739U 93050A   24347.83406887  .00000256  00000+0  15875-3 0  9995
2 22739  98.6330 298.7796 0008389 263.3692  96.6526 14.13405713615488
NOAA 14
1 23455U 94089A   24348.20154355  .00000153  00000+0  10088-3 0  9993
2 23455  98.4466 334.4176 0008621 222.7457 137.3048 14.14509001545546
NOAA 15
1 25338U 98030A   24348.42216921  .00000347  00000+0  16068-3 0  9996
2 25338  98.5532  11.6946 0010696 155.4264 204.7428 14.26824322382993
NOAA 16
1 26536U 00055A   24347.87063341  .00000192  00000+0  12349-3 0  9997
2 26536  98.5108  19.1243 0011549  84.7003 275.5488 14.13716515545824
NOAA 17
1 27453U 02032A   24347.95853549  .00000359  00000+0  16950-3 0  9996
2 27453  98.7883 298.6783 0012140 145.3175 214.8798 14.25843447168425
NOAA 18
1 28654U 05018A   24348.45898289  .00000347  00000+0  20784-3 0  9990
2 28654  98.8611  63.8298 0013249 274.8759  85.0901 14.13451112  8584
NOAA 19
1 33591U 09005A   24348.43681163  .00000321  00000+0  19537-3 0  9991
2 33591  99.0247  45.9404 0014393 144.1270 216.0871 14.13227856816941
SUOMI NPP
1 37849U 11061A   24348.49648073  .00000184  00000+0  10811-3 0  9998
2 37849  98.7407 283.9035 0002259  89.6465 270.4970 14.19516702680306
NOAA 20 (JPSS-1)
1 43013U 17073A   24348.44201551  .00000162  00000+0  97522-4 0  9999
2 43013  98.7249 283.4775 0002192  75.5153 284.6266 14.19518044366330
NOAA 21 (JPSS-2)
1 54234U 22150A   24348.12752515  .00000197  00000+0  11394-3 0  9994
2 54234  98.7101 283.7520 0001503  27.1719 332.9536 14.19568102108365